1 0 0 1 4.5
0 1 0 0 5.0
0 0 1 0 5.5
1 0 0 1 6.0
0 0 1 0 6.5
0 1 0 0 7.0
1 0 0 4 7.5
0 0 1 0 8.0
1 0 0 0 8.5
0 1 0 0 9.0
11.5 0 0 1 9.5
0 0 1 0 10.0
0 1 0 0 10.5
0 0 1 0 11.0
0 1 0 0 11.5
0 0 1 0 12.0
0 0 0 1 12.5
0 0 1 0 13.0
0 1 0 0 13.5
0 0 1 0 14.0
0 1 0 0 14.5
0 0 1 0 15.0
0 0 0 1 15.5
0 0 1 0 16.0
0 1 0 0 16.5
0 0 1 0 17.0
0 0 0 1 17.5
0 1 0 0 18.0
0 0 0 1 18.5
0 0 1 0 19.0
0 0 0 1 19.5
1 1 0 0 20.0
0 0 1 0 20.5
0 0 0 1 21.0
0 6.5 6.5 0 21.5
1 0 0 0 22.0
0 0 0 1 22.5
0 0 0 1 23.0
1 0 0 0 23.5
0 0 0 1 24.0
0 0 0 1 24.5
1 0 0 0 25.0
1 0 0 0 25.5
1 0 0 0 26.0
0 0 0 1 26.5
0 0 0 1 27.0
1 0 0 0 27.5
0 0 1 8 28.0
1 1 0 0 28.5
0 0 1 0 29.0
1 0 0 0 29.5
0 1 0 0 30.0
0 0 1 0 31.5
8 1 0 0 32.0
0 0 1 0 32.5
0 1 0 1 33.0
0 0 1 0 33.5
0 1 0 1 34.0
0 1 0 0 34.5
0 0 1 1 35.0
0 1 0 0 35.5
7.5 0 0 7.5 36.0
0 1 0 0 36.5
0 0 1 0 37.0
0 0 1 0 37.5
0 1 0 0 38.0
0 1 0 0 38.5
0 1 0 0 39.0
0 0 1 0 39.5
0 0 1 0 40.0
0 0 1 0 40.5
0 1 0 0 41.0
0 1 0 0 41.5
7.5 0 0 7.5 42.0
0 1 0 0 42.5
0 0 1 0 43.0
0 1 0 0 43.5
0 0 1 0 44.0
0 0 1 0 44.5
0 1 0 0 45.0
0 1 0 0 45.5
0 0 1 0 46.0
0 0 1 0 46.5
0 0 1 0 47.0
0 1 0 0 47.5
0 1 0 0 48.0
0 0 1 0 48.5
0 1 0 0 49.0
0 1 0 0 49.5
0 1 0 0 50.0
0 0 1 0 50.5
0 0 1 0 51.0
0 1 0 0 51.5
11.5 0 0 11.5 52.0
0 1 0 0 52.5
0 1 0 0 53.0
0 0 1 0 53.5
0 0 1 0 54.0
0 0 1 0 54.5
0 1 0 0 55.0
0 0 1 0 55.5
0 1 0 0 56.0
0 1 0 0 56.5
0 1 0 0 57.0
0 0 1 0 57.5
0 1 0 0 58.0
0 1 0 0 58.5
0 0 1 0 59.0
0 0 1 0 59.5
0 1 0 0 60.0
0 0 1 0 60.5
0 1 0 0 61.0
0 0 1 0 61.5
0 1 0 0 62.0
0 0 1 0 62.5
0 0 1 0 63.0
0 1 0 0 63.5
1 0 0 0 64.0
0 1 0 1 64.5
0 0 1 0 65.0
0 1 0 1 65.5
1 0 0 0 66.0
0 1 0 0 66.333
0 0 1 0 66.667
0 1 0 0 67.0
0 0 1 0 67.333
0 0 0 1 67.667
8 7.5 0 0 68.0
0 7.5 7.5 7.5 76.0
1 0 0 0 83.0
7 7 7 7 84.0
3.5 3.5 3.5 3.5 92.0
0 0 0 1 96.0
0 0 1 0 96.5
0 1 0 0 97.0
1 0 0 0 97.5
0 1 0 0 98.0
0 0 1 0 98.5
0 0 0 1 99.0
7 7 7 7 100.0
7 7 7 7 108.0
1 0 0 0 112.0
0 1 0 0 112.5
0 0 1 0 113.0
0 0 0 1 113.5
0 0 1 0 114.0
0 1 0 0 114.5
1 0 0 0 115.0
0 0 0 1 115.5
7 7 7 0 116.0
0 3.5 3.5 3.5 124.0
0 0 0 1 128.0
0 0 1 0 128.5
1 0 0 0 129.0
0 1 0 0 129.5
0 0 1 1 130.0
1 1 0 0 130.667
0 0 1 1 131.333
3 3 0 0 132.0
0 0 3 3 136.0
1.5 1.5 0 0 140.0
0 0 1.5 1.5 141.5
1.5 1.5 0 0 143.0
0 0 0 1 144.0
1 0 0 0 145.0
0 0 1 0 146.0
0 1 0 0 147.0
0 0 1 0 148.0
0 1 0 0 148.5
0 0 0 1 149.0
1 0 0 0 149.5
0 0 1 0 150.0
0 1 0 0 150.5
0 0 0 1 151.0
1 0 0 0 151.5
0 0 1 0 152.0
0 1 0 0 152.5
0 0 0 1 153.0
1 0 0 0 153.5
0 0 1 0 154.0
0 1 0 0 154.5
0 0 0 1 155.0
1 0 0 0 155.5
0 0 1 0 156.0
0 1 0 0 156.5
0 0 0 1 157.0
1 0 0 0 157.5
0 0 1 0 158.0
0 1 0 0 158.5
0 0 0 1 159.0
1 0 0 0 159.5
0 0 1 0 160.0
0 1 0 0 160.5
0 0 0 1 161.0
1 0 0 0 161.5
0 0 1 0 162.0
0 1 0 0 162.5
0 0 0 1 163.0
1 0 0 0 163.5
0 0 1 0 164.0
0 1 0 0 164.5
0 0 0 1 165.0
1 0 0 0 165.5
0 0 1 0 166.0
0 1 0 0 166.5
0 0 0 1 167.0
1 0 0 0 167.5
0 0 1 0 168.0
0 1 0 0 168.5
0 0 0 1 169.0
1 0 0 0 169.5
0 0 1 0 170.0
0 1 0 0 170.5
0 0 0 1 171.0
1 0 0 0 171.5
0 0 1 0 172.0
0 1 0 0 172.5
0 0 0 1 173.0
1 0 0 0 173.5
0 0 1 0 174.0
0 1 0 0 174.5
0 0 0 1 175.0
1 0 0 0 175.5
0 0 1 0 176.0
0 1 0 0 176.5
0 0 0 1 177.0
1 0 0 0 177.5
0 0 1 0 178.0
0 1 0 0 178.5
0 0 0 1 179.0
1 0 0 0 179.5
0 0 1 0 180.0
0 1 0 0 180.5
0 0 0 1 181.0
1 0 0 0 181.5
0 0 1 0 182.0
0 1 0 0 182.5
0 0 0 1 183.0
1 0 0 0 183.5
0 0 1 0 184.0
0 1 0 0 184.5
0 0 0 1 185.0
1 0 0 0 185.5
0 0 1 0 186.0
0 1 0 0 186.5
0 0 0 1 187.0
1 0 0 0 187.5
0 0 1 0 188.0
0 1 0 0 188.5
0 0 0 1 189.0
1 0 0 0 189.5
0 0 1 0 190.0
0 1 0 0 190.5
0 0 0 1 191.0
1 0 0 0 191.5
0 0 1 0 192.0
0 1 0 0 192.5
0 0 0 1 193.0
1 0 0 0 193.5
0 0 1 0 194.0
0 1 0 0 194.5
0 0 0 1 195.0
1 0 0 0 195.5
0 0 1 0 196.0
0 1 0 0 196.5
0 0 0 1 197.0
1 0 0 0 197.5
0 0 1 0 198.0
0 1 0 0 198.5
0 0 0 1 199.0
1 0 0 0 199.5
0 0 1 0 200.0
0 1 0 0 200.5
0 0 0 1 201.0
1 0 0 0 201.5
0 0 1 0 202.0
0 1 0 0 202.5
0 0 0 1 203.0
1 0 0 0 203.5
0 0 1 0 204.0
0 1 0 0 204.5
0 0 0 1 205.0
1 0 0 0 205.5
0 0 1 0 206.0
0 1 0 0 206.5
0 0 0 1 207.0
1 0 0 0 207.5
0 0 1 0 208.0
0 1 0 0 208.5
0 0 0 1 209.0
1 0 0 0 209.5
0 0 1 0 210.0
0 1 0 0 210.5
0 0 0 1 211.0
1 0 0 0 211.5
0 0 2 2 212.0
1 1 0 0 213.0
2 2 0 0 214.0
0 0 1 1 215.0
0 0 2 2 216.0
1 1 0 0 217.0
2 2 0 0 218.0
0 0 1 1 219.0
0 0 2 2 220.0
1 1 0 0 221.0
2 2 0 0 222.0
0 0 1 1 223.0
0 0 2 2 224.0
1 1 0 0 225.0
2 2 0 0 226.0
0 0 1 1 227.0
0 0 2 2 228.0
1 1 0 0 229.0
2 2 0 0 230.0
0 0 1 1 231.0
0 0 2 2 232.0
1 1 0 0 233.0
2 2 0 0 234.0
0 0 1 1 235.0
0 0 2 2 236.0
1 1 0 0 237.0
2 2 0 0 238.0
0 0 1 1 239.0
0.666 0.666 0 0 240.0
0 0 0.667 0.667 240.666
0.666 0.666 0 0 241.333
0 0 4 4 244.0
4 4 0 0 252.0
1.5 0 0 1.5 260.0
0 1.5 1.5 0 261.5
1.5 0 0 1.5 263.0
0 1.5 1.5 0 264.5
1 0 0 1 266.0
0 1 1 0 267.0
1 0 0 1 268.0
1 0 0 0 288.0
0 0 0 1 290.0
1 0 0 0 292.0
0 0 0 1 292.5
0 0 1 0 293.5
1 0 0 0 294.5
0 1 0 0 295.0
0 0 1 0 295.5
0 0 0 1 296.0
1 0 0 0 296.5
0 0 1 0 297.5
0 0 0 1 298.5
0 0 1 0 299.0
0 1 0 0 299.5
1 0 0 0 300.0
0 1 0 0 300.5
0 0 0 1 301.0
0 0 1 0 301.5
1 0 0 0 302.5
0 0 0 1 303.5
0 0 1 0 304.0
0 0 0 1 304.5
0 1 0 0 305.0
1 0 0 0 305.5
0 1 0 0 306.5
0 0 1 0 307.0
0 0 0 1 307.5
1 0 0 0 308.0
0 1 0 0 308.5
0 0 0 1 309.5
0 0 1 0 310.5
0 1 0 0 311.0
1 0 0 0 311.5
0 0 0 1 312.0
0 0 1 0 312.5
1 0 0 0 313.5
0 1 0 0 314.5
0 0 0 1 315.0
1 0 0 0 315.5
0 0 1 0 316.0
0 0 0 1 316.5
0 1 0 0 317.0
1 0 0 0 317.5
0 0 1 0 318.5
0 1 0 0 319.5
1 0 0 0 320.0
0 1 0 0 320.5
0 0 0 1 321.5
1 0 1 0 322.5
0 1 0 0 323.0
0 0 1 0 323.5
11.5 7.5 3.5 1 324.0
0 0 0 1 324.5
0 0 0 1 325.5
0 0 0 1 326.5
0 0 0 1 327.0
0 0 0 1 327.5
0 0 1 11.5 328.0
0 0 1 0 328.5
0 0 1 0 329.5
0 0 1 0 330.5
0 0 1 0 331.0
0 0 1 0 331.5
0 1 7.5 0 332.0
0 1 0 0 332.5
0 1 0 0 333.0
0 1 0 0 333.5
0 1 0 0 334.5
0 1 0 0 335.5
1 3.5 0 0 336.0
1 0 0 0 336.5
1 0 0 0 337.0
1 0 0 0 337.5
1 0 0 0 338.5
1 0 0 0 339.0
1 0 0 0 339.5
0 0 1 0 340.0
0 1 0 0 341.5
0 0 1 0 343.0
2 0 0 0 344.0
0 0 0 2 346.0
7 7 0 0 348.0
0 0 1 1 356.0
1 1 0 0 356.5
1 1 0 0 357.0
0 0 1 1 357.5
1 1 0 0 358.0
1 1 0 0 358.5
0 0 1 1 359.0
1 1 0 0 359.5
0 0 1 1 360.0
1 1 0 0 360.5
1 1 0 0 361.0
0 0 1 1 361.5
1 1 0 0 362.0
1 1 0 0 362.5
0 0 1 1 363.0
1 1 0 0 363.5
0 0 1 1 364.0
1 1 0 0 364.5
1 1 0 0 365.0
0 0 1 1 365.5
1 1 0 0 366.0
1 1 0 0 366.5
0 0 1 1 367.0
1 1 0 0 367.5
0 0 1 1 368.0
1 1 0 0 368.5
1 1 0 0 369.0
0 0 1 1 369.5
1 1 0 0 370.0
1 1 0 0 370.5
0 0 1 1 371.0
1 1 0 0 371.5
0 0 1 1 372.0
1 1 0 0 372.5
1 1 0 0 373.0
0 0 1 1 373.5
1 1 0 0 374.0
1 1 0 0 374.5
0 0 1 1 375.0
1 1 0 0 375.5
0 0 1 1 376.0
1 1 0 0 376.5
1 1 0 0 377.0
0 0 1 1 377.5
1 1 0 0 378.0
1 1 0 0 378.5
0 0 1 1 379.0
1 1 0 0 379.5
0 0 1 1 380.0
1 1 0 0 380.5
1 1 0 0 381.0
0 0 1 1 381.5
1 1 0 0 382.0
1 1 0 0 382.5
0 0 1 1 383.0
1 1 0 0 383.5
0 0 1 1 384.0
1 1 0 0 384.5
1 1 0 0 385.0
0 0 1 1 385.5
1 1 0 0 386.0
1 1 0 0 386.5
0 0 1 1 387.0
1 1 0 0 387.5
0 0 1 1 388.0
1 1 0 0 388.5
1 1 0 0 389.0
0 0 1 1 389.5
1 1 0 0 390.0
1 1 0 0 390.5
0 0 1 1 391.0
1 1 0 0 391.5
0 0 1 1 392.0
1 1 0 0 392.5
1 1 0 0 393.0
0 0 1 1 393.5
1 1 0 0 394.0
1 1 0 0 394.5
0 0 1 1 395.0
1 1 0 0 395.5
0 0 1 1 396.0
1 1 0 0 396.5
1 1 0 0 397.0
0 0 1 1 397.5
1 1 0 0 398.0
1 1 0 0 398.5
0 0 1 1 399.0
1 1 0 0 399.5
0 0 1 1 400.0
1 1 0 0 400.5
1 1 0 0 401.0
0 0 1 1 401.5
1 1 0 0 402.5
1 1 0 0 403.0
0 0 1 1 403.5
1.5 1.5 0 0 404.0
0 0 1.5 1.5 405.5
1 1 0 0 407.0
0 0 2 2 408.0
2 2 0 0 410.0
7 7 7 7 420.0
3.5 3.5 3.5 3.5 428.0
0 0 1 1 432.0
1 1 0 0 432.5
1 1 0 0 433.0
0 0 1 1 433.5
1 1 0 0 434.0
1 1 0 0 434.5
0 0 1 1 435.0
7 7 7 7 436.0
3.5 3.5 3.5 3.5 444.0
0 0 1 1 448.0
1 1 0 0 448.5
1 1 0 0 449.0
0 0 1 1 449.5
1 1 0 0 450.0
1 1 0 0 450.5
0 0 1 1 451.0
1 1 0 0 451.5
7 7 7 7 452.0
3.5 3.5 3.5 3.5 460.0
0 0 1 1 464.0
1 1 0 0 464.5
1 1 0 0 465.0
0 0 1 1 465.5
1 1 0 1 466.0
1 0 1 1 466.667
0 1 1 1 467.333
3 3 3 3 468.0
3 3 3 3 472.0
1 1 1 1 476.0
1 1 1 1 477.5
32 32 32 32 479.0