1 0 0 1 2.0
2 1 2 1 5.0
0 5 0 5 8.0
0 0 3 0 11.0
0 1 5 0 14.0
1 0 0 0 17.0
6 1 0 0 20.0
6 5 0 0 23.0
2 0 0 4 26.0
2 0 5 0 29.0
0 5 5 5 32.0
0 1 4 1 35.0
0 2 2 2 38.0
3 0 1 0 41.0
3 2 4 0 44.0
0 3 2 5 47.0
3 0 5 3 50.0
3 0 1 1 53.0
0 6 0 3 56.0
0 2 3 0 59.0
0 3 1 0 62.0
3 0 2 0 65.0
4 0 0 0 68.0
1 1 0 0 69.0
3 0 1 0 71.0
0 1 0 3 74.0
0 1 3 0 77.0
0 5 1 0 80.0
3 0 1 0 83.0
1 0 0 1 86.0
2 1 1 1 89.0
3 1 1 0 92.0
4 1 0 0 95.0
5 0 1 0 98.0
1 3 1 0 101.0
0 4 0 1 104.0
1 0 2 0 107.0
0 0 5 3 110.0
0 1 1 4 113.0
0 1 2 2 116.0
0 2 2 2 119.0
0 2 1 2 122.0
0 2 1 3 125.0
0 2 2 2 128.0
2 2 1 0 131.0
2 2 2 2 134.0
1 1 1 5 137.0
1 1 6 0 140.0
1 1 2 0 143.0
1 1 2 0 147.0
6 6 6 6 150.0
1 1 1 1 156.0
1 0 0 1 160.0
1 0 0 0 165.0
5 5 5 1 168.0
1 1 1 1 169.0
1 1 1 1 170.0